角度坐标值：
xs=[-59.491746253220654, -58.029625147930005, -56.56587355651807, -55.09885798334177, -53.6269389574194, -52.1484681555134, -50.66178566230275, -49.16521742036859, -47.65707292882881, -46.135643257200044, -44.599199450482786, -43.04599141259219, -41.47424736809964, -39.882174016764864, -38.26795751141066, -36.62976540709707, -34.9657497479227, -33.27405147654687, -31.55280636987139, -29.800152721099423, -28.01424100207251, -26.19324574838447, -24.335379910762185, -22.438911906521184, -20.502185580902136, -18.52364324564357, -16.50185189677967, -14.435532620846288, -12.323593074339101, -10.165162762331107, -7.959630647486222, -5.706684392077136, -3.4063502788890503, -1.0590325830906977, 1.3344491066577575, 3.7728263700032016, 6.254354189556068, 8.776791000296924, 11.337388607558637, 13.932893868835777, 16.559563704354787, 19.21319449315328, 21.889166239377687, 24.58250109461065, 27.287934955627918, 30.0, 32.71311526005056, 35.421681751442236, 38.120178332918584, 40.803254418618025, 43.465815900494476, 46.10310113763106, 48.710744573685616, 51.284826375217705, 53.82190735623959, 56.31904928656755, 58.77382140669636, 61.184294544330015, 63.54902462491751, 65.86702758965214, 68.1377477956315, 70.36102190197681, 72.53704007603687, 74.66630611940636, 76.74959784536486, 78.78792876319625, 80.78251186012827, 82.73472603153473, 84.64608550225086, 86.51821240953004, 88.35281258114705, 90.15165443797514, 91.91655087523873, 93.64934392614003, 95.35189198115535, 97.02605932170263, 98.67370772426739, 100.29668989714648, 101.89684452400743, 103.47599270428321, 105.035935598333, 106.57845310402146, 108.10530340996397, 109.61822328850693, 111.1189290081156, 112.60911775995854, 114.09046950695566, 115.56464917532722, 117.03330911873573, 118.49809179347923, 119.96063258990861, 121.42256277036486, 122.88551246749566, 124.35111369886428, 125.82100335431991, 127.29682611166689, 128.78023723374517, 130.2729051960769, 131.77651408872256, 133.2927657288624]

原始的功率：
y=[600.3778152486987, 440.05714590206816, 647.8802357958484, 364.84498003574765, 508.6717533590623, 362.86571251294976, 633.3656072953304, 465.78762369844094, 387.2766786274573, 370.1230267632087, 636.6643864999936, 330.5376763072506, 488.8790781310832, 356.927909944556, 625.4485372041388, 376.7205851725351, 537.7010103600983, 477.00347299429575, 576.6266049751238, 548.2571038150204, 354.9486424217581, 628.747316408802, 602.3570827714966, 487.5595664492179, 595.0997685212376, 407.06935385543636, 412.3474005828974, 519.2278468139845, 364.185224194815, 335.155967193779, 523.1863818595803, 603.0168386124292, 601.0375710896313, 492.17785733574635, 494.8168806994769, 531.1034519507718, 490.8583456538811, 624.7887813632062, 363.5254683538824, 604.9961061352271, 558.8131972699426, 632.0460956134651, 461.82908865284514, 563.431488156471, 503.39370663160116, 348.3510840124317, 424.8827615606175, 359.56693330828654, 633.3656072953304, 345.05230480776856, 334.4962113528464, 373.42180596787193, 331.85718798911586, 535.0619869963678, 535.0619869963678, 471.065670425902, 523.1863818595803, 480.3022521989589, 334.4962113528464, 372.76205012693924, 2149.768299407688, 2330.078372592283, 2466.4722119774374, 2563.1543655034047, 2618.426226536783, 2637.9553803831077, 2625.682555793436, 2577.507437329337, 2501.236343301941, 2397.0173243163495, 2264.8375128385637, 2108.5590555449207, 1928.2174892118267, 1725.4183877756084, 1501.5090175898965, 0.0, 149.10482005077571, 143.167017482382, 154.3828667782368, 25.070721955440163, 145.80604084611252, 49.481688069947694, 121.395074731605, 141.18774995958407, 66.63533993419622, 176.1548095290138, 197.92675227979078, 160.32066934663052, 81.80972427564684, 11.21584929585481, 100.28288782176065, 138.54872659585354, 134.5901915502577, 138.54872659585354, 55.419490638341415, 178.79383289274432, 568.0497790429995, 531.7632077917045, 655.79730588704, 526.4851610642435]



拟合曲线的系数：A=[547.3824506775983, 1.7402343789218777, -1.0278891447867544, -0.0054184721557289164, 0.002759484382547566, 2.0034186006995436e-07, -2.734532303425527e-06, 1.2001210694599012e-08, 1.2022005951427094e-09, -1.0569597468307152e-11, -2.19978955713334e-13, 3.197462536205214e-15, 5.3532230992507864e-18, -3.08900353390096e-19, 1.9234853460362128e-21, -3.855419106189108e-24]



拟合输出值：
ys=[624.1402136041143, 473.4663243337486, 452.8491649378293, 476.7593766160535, 502.0374945366569, 511.5939731777397, 503.22349572431096, 482.12725064259973, 456.104955000957, 432.6507986888926, 417.3887730488512, 413.4313043966599, 421.3543416159597, 439.562207893833, 464.8742437766464, 493.2083017000464, 520.267892205488, 542.1636146287893, 555.9180688420464, 559.818807581584, 553.597654779522, 538.4280707955471, 516.745955965902, 491.91364871786055, 467.76165647452984, 448.0570119554027, 435.9595858507584, 433.5361238227829, 441.40371367648646, 458.56729117925784, 482.4976752344876, 509.46682902208545, 535.1171013352468, 555.1955349696535, 566.3405027841916, 566.7760772016139, 556.7606648043882, 538.6596232838415, 516.5704639505435, 495.5187820598449, 480.3478855644212, 474.5208784646032, 479.11242555371433, 492.2644796741142, 509.304976861104, 523.5897736704827, 527.9554986815376, 516.5084247547354, 486.36767049305655, 438.9629558282939, 380.5666304813103, 321.89802804626544, 276.83479452805324, 260.4510945654704, 286.7328629626801, 366.3696467413142, 504.987952334546, 702.089634004486, 950.820609430054, 1238.5528610980982, 1548.1436392178748, 1859.6569747794674, 2152.299425764235, 2406.3301061629973, 2604.743988419301, 2734.584311499857, 2787.8024168572447, 2761.641821127414, 2658.5715583487763, 2485.8288235857035, 2254.652425363194, 1979.2980225264328, 1675.9260866169352, 1361.4468129379675, 1052.3954673579428, 763.8991380827501, 508.7832533912733, 296.8546645017341, 134.38821428548545, 23.835736175999045, -36.22976957075298, -50.926845556125045, -28.63130035251379, 19.704738292843103, 81.47465441375971, 143.56600871309638, 193.70890406146646, 221.97628508508205, 222.35645768791437, 194.26966082304716, 143.8283100053668, 84.53445076942444, 36.95385955274105, 26.68433165550232, 79.61835020780563, 213.04889532923698, 420.52770882844925, 647.4826258420944, 753.3297807872295, 454.0315400958061]
